103,2
103,1
103,0
102,4
102,3
102,2
102,1
102,0
101,3
101,2
101,1
101,0
100,4
100,3
100,2
100,1
100,0
99,5
99,4
99,3
99,2
99,1
99,0
98,3
98,2
98,1
98,0
97,4
97,3
97,2
97,1
97,0
96,4
96,3
96,2
96,1
96,0
95,7
95,6
95,5
95,4
95,3
95,2
95,1
95,0
94,3
94,2
94,1
94,0
93,3
93,2
93,1
93,0
92,5
92,4
92,3
92,2
92,1
92,0
91,4
91,3
91,2
91,1
91,0
71,4
71,3
71,2
71,1
71,0
69,4
69,3
69,2
69,1
69,0
4,3
4,2
4,1
4,0
3,6
3,5
3,4
3,3
3,2
3,1
3,0
2,3
2,2
2,1
2,0
1,3
1,2
1,1
1,0
0,444
0,442
0,440
0,426
0,417
0,411
0,408
0,406
0,403
0,401
0,397
0,395
0,393
0,392
0,390
0,386
0,383
0,381
0,375
0,372
0,353
0,343
0,340
0,339
0,337
0,329
0,322
0,318
0,317
0,313
0,243
0,9
0,0
0,310
0,305
0,308
0,304
0,303
0,302
0,307
0,12
0,10
0,8
0,402
0,300
0,374
0,299
0,431
0,298
0,345
0,297
0,394
0,296
0,413
0,295
0,294
0,443
0,293
0,292
0,323
0,291
0,424
0,290
0,327
0,289
0,373
0,288
0,436
0,287
0,410
0,286
0,359
0,285
0,333
0,284
0,326
0,283
0,344
0,282
0,435
103,3
104,0
104,2
104,3
105,0
105,1
105,3
106,1
106,2
106,4
107,0
107,2
107,4
107,5
108,1
108,2
108,4
108,5
109,1
109,3
109,2
109,0
108,3
108,0
107,3
107,1
106,3
106,0
105,2
104,4
104,1
0,281
0,314
0,280
0,380
0,279
0,342
0,278
0,361
0,277
0,409
0,276
0,275
0,396
0,274
0,273
0,391
0,272
0,389
0,271
0,400
0,270
0,387
0,269
0,355
0,268
0,376
0,267
0,388
0,266
0,378
0,265
0,399
0,264
0,377
0,263
0,385
0,262
0,261
0,437
0,260
0,301
0,259
0,321
0,258
0,371
0,257
0,256
0,368
0,255
0,254
0,434
0,253
0,252
0,306
0,251
0,250
0,320
0,249
0,415
0,248
0,432
0,247
0,246
0,370
0,245
0,414
0,244
0,242
0,367
0,241
0,332
0,240
0,362
0,239
0,357
0,238
0,366
0,237
0,319
0,236
0,360
0,235
0,356
0,234
0,233
0,328
0,232
0,231
0,341
0,230
0,433
0,229
0,325
0,228
0,350
0,227
0,379
0,226
0,420
0,225
0,422
0,224
0,223
0,429
0,222
0,335
0,221
0,428
0,220
0,348
0,219
0,369
0,218
0,423
0,217
0,365
0,216
0,354
0,215
0,421
0,214
0,405
0,213
0,334
0,212
0,364
0,211
0,447
0,210
0,363
0,209
0,404
0,208
0,331
0,207
0,384
0,206
0,352
0,205
0,346
0,204
0,336
0,203
0,202
0,427
0,201
0,351
0,200
0,199
0,430
0,198
0,197
0,338
0,196
0,312
0,195
0,416
0,194
0,398
0,193
0,412
0,192
0,446
0,63
0,316
0,62
0,445
0,61
0,419
0,60
0,311
0,59
0,309
0,58
0,441
0,57
0,56
0,315
0,55
0,439
0,54
0,349
0,53
0,330
0,52
0,407
0,51
0,324
0,50
0,438
0,49
0,425
0,48
0,382
0,47
0,418
0,46
0,347
0,45
0,358
0,6
0,5
0,1
0,11
0,4
0,2
0,3
0,7
